0
9
-1 14 21 94 81 52 86 38 54
14 -1 59 56 26 51 78 90 88
21 59 -1 53 39 66 43 91 87
94 56 53 -1 50 13 59 43 28
81 26 39 50 -1 65 34 78 34
52 51 66 13 65 -1 38 73 93
86 78 43 59 34 38 -1 14 20
38 90 91 43 78 73 14 -1 65
54 88 87 28 34 93 20 65 -1
249