0
8
-1 75 41 92 10 63 88 56 
75 -1 97 25 69 38 57 73 
41 97 -1 32 16 61 39 40 
92 25 32 -1 31 12 25 93 
10 69 16 31 -1 11 68 80 
63 38 61 12 11 -1 40 15 
88 57 39 25 68 40 -1 11 
56 73 40 93 80 15 11 -1 
201