0
13
-1 107 80 132 46 12 24 98 74 94 147 85 29
107 -1 112 42 148 24 133 42 96 80 128 38 74
80 112 -1 90 139 53 92 33 50 103 102 97 88
132 42 90 -1 14 56 77 121 93 144 65 119 16
46 148 139 14 -1 45 83 109 52 32 91 92 135
12 24 53 56 45 -1 38 15 136 121 58 85 92
24 133 92 77 83 38 -1 39 102 144 10 82 35
98 42 33 121 109 15 39 -1 59 30 67 123 82
74 96 50 93 52 136 102 59 -1 19 37 125 109
94 80 103 144 32 121 144 30 19 -1 38 134 81
147 128 102 65 91 58 10 67 37 38 -1 71 51
85 38 97 119 92 85 82 123 125 134 71 -1 102
29 74 88 16 135 92 35 82 109 81 51 102 -1
375