0
12
-1   61   24   81   70   30   92   96   84   84   97   33
 61  -1   12   31   62   11   97   39   47   11   73   69
 24  12  -1   30   42   85   67   31   98   58   68   51
 81  31  30  -1   69   89   24   71   71   56   71   60
 70  62  42  69  -1   64   73   12   60   16   30   82
 30  11  85  89  64  -1   48   27   13   98   69   23
 92  97  67  24  73  48  -1   18   99   62   11   93
 96  39  31  71  12  27  18  -1   69   80   53   17
 84  47  98  71  60  13  99  69  -1   56   44   87
 84  11  58  56  16  98  62  80  56  -1   90   45
 97  73  68  71  30  69  11  53  44  90  -1   59
 33  69  51  60  82  23  93  17  87  45  59  -1
246