0
11
-1 74 47 15 56 26 119 81 14 105 111
74 -1 72 37 101 69 106 96 143 118 133
47 72 -1 117 24 26 108 97 24 42 137
15 37 117 -1 88 58 82 56 83 54 149
56 101 24 88 -1 147 80 143 106 103 85
26 69 26 58 147 -1 45 135 73 138 30
119 106 108 82 80 45 -1 150 63 37 85
81 96 97 56 143 135 150 -1 131 144 98
14 143 24 83 106 73 63 131 -1 78 34
105 118 42 54 103 138 37 144 78 -1 126
111 133 137 149 85 30 85 98 34 126 -1
494